code,food_name,water_g,protein_g,fat_g,carbohydrate_available_g,fibre_g,ash_g
01001,"Amaranth, whole grain, dry, raw",10,14.7,5.6,59.2,7.5,3.1
01002,"Amaranth, whole grain, flour",10.2,13.8,6.3,59.6,7.1,3
01003,"Biscuit, Savoury",4.5,6.6,24.9,58.9,3.3,1.9
01004,"Biscuit, Sweet",4.3,6.1,17.2,69.3,2.1,1.1
01005,"Bread, Brown",36,8,1.5,46.9,5.9,1.7
01006,"Bread, Sweet",23.5,8.3,14.4,50.6,1.5,1.8
01007,"Bread, White",36.9,7.7,1.9,48.8,3.1,1.7
01008,"Breakfast cereal, flakes of corn, fortified",3.5,7.5,0.7,82.6,2.95,2.8
01009,"Breakfast cereal, flakes of corn",3.5,7.5,0.7,83,2.6,2.8
01010,"Breakfast cereal, wheat biscuits, Weetabix type",3.8,11.5,1.9,70.7,9.9,2.1
01011,"Buns, Currant",29,7,6.8,52.8,2.9,1.5
01012,"Cake or cupcake, plain butter cake, commercial",25.9,7.1,15.3,48.8,1.1,1.9
01018,"Maize, grain, white variety, whole, dry, raw",13.6,7.94,4.5,63.4,9.4,1.2
01046,"Amaranth, whole grain, dry, stewed (without salt)",69.8,4.9,1.9,19.9,2.5,1.1
01047,"Maize, grain, white variety, whole, dry, boiled, drained (without salt)",72.1,2.6,1.5,20.5,3,0.4
02001,"Arrowroot, flour",16.5,0.2,0.2,81.8,0.9,0.5
02002,"Arrowroot, peeled, raw",70.9,3.2,0.3,22.3,1.3,0.5
02003,"Banana, BITA 3, dried, flour",2.3,3.9,1.8,78.5,9.9,3.6
02004,"Banana, plantain, green, raw",73.6,1.4,0.4,20.1,3.6,0.9
02005,"Beet root, peeled, raw",86.1,2.17,0.1,6.9,3.31,1.4
02007,"Cassava, root, white, peeled, raw",53.8,1.3,0.3,39.1,4.6,1
02008,"Cassava, root, yellow, peeled, raw",65.7,1.6,0.2,27,4.7,0.8
02009,"Potato, Irish (English), white variety, peeled, raw",72.1,2.4,0.1,22.7,1.68,1
02013,"Sweet potato, brown skin, peeled, raw",72,1.7,0.4,20.8,4,1.2
02014,"Sweetpotato, orange, biofortified, raw",78.7,1.9,0.1,15.6,3,0.7
03001,"Beans, broad, dry, raw",10.9,25.7,1.53,35.6,22.9,3.29
03002,"Beans, broad, fresh, raw",75,7.2,0.5,8.7,7.1,1.3
03004,"Beans, kidney, dry, raw",12.1,20.5,2,40.6,21.2,3.6
03011,"Cowpeas, dry, raw",12.4,25.3,1.1,43.3,14.3,3.6
03013,"Flour, soya, full fat",7,37,20.2,22,9.41,4.37
04001,"Amaranth, leaves, picked, raw",84.6,3.7,0.2,1.3,7.2,3.1
04002,"Bitter gourd, whole, different varieties, raw",89.6,1.5,0.2,4.2,3.7,0.8
04003,"Black (African) nightshade, indigenous, leaves, picked, raw",88.6,3.8,0.1,1.3,4.3,1.8
04004,"Broccoli, tops and stems, raw",89,3.3,0.3,2.7,3.7,1
04005,"Cabbage, leaf head, Chinese, raw",97,0.9,0.3,0.4,1.1,0.4
04006,"Cabbage, leaf head, red raw",91.1,1.3,0.2,3.1,3.4,0.9
04007,"Cabbage, leaf head, white, raw",93.8,1.1,0.1,2.2,2.2,0.7
04008,"Capsicum (sweet peper), green, raw",93.3,1.5,0.1,2.9,2,0.2
04009,"Capsicum (sweet peper), red, raw",92.4,1.7,0.2,3.5,1.8,0.4
04010,"Capsicum (sweet peper), yellow, raw",93.4,1.4,0.2,2.3,2.2,0.6
04011,"Carrot, peeled, raw",90.6,0.7,0.2,4.5,3.2,0.6
04012,"Cauliflower, tops and stems, raw",93.2,2,0.2,0.9,2.8,0.9
04013,"Celery, stalk, raw",90.9,0.6,0.1,5.3,1.4,1.8
04014,"Courgette, green, unpeeled, raw",94.8,0.9,0.3,2.5,1.1,0.4
04015,"Cowpea, leaves, picked, raw",88.7,3.4,0.4,0.7,4.9,1.9
04016,"Cucumber, green, unpeeled, raw",96.2,0.6,0.1,1.3,1.4,0.5
04017,"Eggplant / Brinjal, different varieties, whole edible, raw",90.8,1.2,0.3,2.8,4,0.9
04018,"Jute mallow, picked leaves, raw",82.3,4.6,0.2,2.1,8.3,2.5
04019,"Kale, Ethiopian (kanzera), leaves, raw",90.4,3.3,0.6,0.2,4,1.6
04020,Kale (sukuma wiki) raw,89.2,3,0.3,1.2,4.7,1.6
04021,"Leeks, bulb and stem, raw",84.5,1.7,0.4,9.5,3.1,0.8
04022,"Lettuce, not further defined, raw",94.4,1.2,0.2,1.9,1.6,0.7
04023,"Mushroom, fresh, raw",89.7,2.3,0.4,4.5,2.3,0.9
04024,"Mushroom, dried, raw",11.9,12.3,2.9,32.4,39.1,1.4
04025,"Mushroom, raw, canned in brine (drained)",93,1.5,0.4,0.2,3.7,1.2
04026,"Okra, fresh, raw",90,2,0.2,3.5,3.7,0.7
04027,"Pumpkin, flesh, yellow w/o seeds, raw",90.3,1.2,0.2,5.2,2.4,0.7
04028,"Pumpkin, leaves, raw",87.3,4.2,0.7,2.2,2.3,3.2
04029,"Spider plant, leaves, raw",85,4.8,0.8,2.1,4.3,3
04030,"Spinach, leaves, raw",89.8,2.8,0.4,1.1,4.1,1.8
04031,"Spinach, Swiss chard, leaves, raw",90.3,3.1,0.2,0.7,3.6,2
04032,"Squash, butternut, peeled, flesh, raw",87.3,1.5,0.1,7.8,2.5,0.8
04033,"Stinging nettle, leaves, raw",80,5.4,0.7,6.7,2.1,4.9
04034,Sweet Potato (Leaves),87.6,4.3,0.5,0.8,5.3,1.4
04035,"Tomato, green, raw",93.2,1.1,0.2,3.3,1.6,0.6
04036,"Tomato, red, ripe, raw",93.6,1,0.2,3.3,1.4,0.5
04037,"Tomato, canned, whole contents",94,1,0.1,3.1,1.3,0.5
04038,"Vine (African) spinach, picked leaves, raw",90.4,3.4,0.7,0.2,3.7,1.6
04039,"Amaranth, leaves, picked, boiled, drained (without salt)",83.8,3.9,0.3,1.3,7.6,3.2
04040,"Amaranth, leaves, picked, stewed (without salt)",81,4.6,0.3,1.5,8.9,3.8
04041,"Bitter gourd, whole, different varieties, boiled, drained (without salt)",88.4,1.7,0.3,4.6,4.1,0.9
04042,"Black (African) nightshade, indigenous, leaves, picked, boiled, drained (without salt)",89.1,3.6,0.1,1.3,4.1,1.7
04044,"Broccoli, tops and stems, boiled, drained (without salt)",90.1,3,0.3,2.4,3.3,0.9
04045,"Broccoli, tops and stems, steamed (without salt)",89.4,3.2,0.3,2.6,3.6,1
04046,"Cabbage, leaf head, Chinese, boiled, drained (without salt)",96.9,0.9,0.3,0.4,1.1,0.4
04047,"Cabbage, leaf head, Chinese, steamed (without salt)",96.9,0.9,0.3,0.4,1.1,0.4
04048,"Cabbage, leaf head, red, boiled, drained (without salt)",90.9,1.3,0.2,3.2,3.5,0.9
04049,"Cabbage, leaf head, red, stewed (without salt)",91.7,1.2,0.2,2.9,3.1,0.8
04050,"Cabbage, leaf head, white, boiled, drained (without salt)",93.6,1.1,0.1,2.2,2.3,0.7
04051,"Cabbage, leaf head, white, stewed (without salt)",93.3,1.2,0.1,2.4,2.4,0.7
04052,"Capsicum (sweet peper), green, boiled, drained (without salt)",92.3,1.7,0.1,3.3,2.3,0.2
04053,"Capsicum (sweet peper), green, grilled (without salt and fat)",92.8,1.6,0.1,3.1,2.2,0.2
04054,"Capsicum (sweet peper), green, baked (without salt)",93,1.6,0.1,3,2.1,0.2
04055,"Capsicum (sweet peper), red, boiled, drained (without salt)",91.3,2,0.2,4,2.1,0.5
04056,"Capsicum (sweet peper), red, grilled (without salt and fat)",91.8,1.8,0.2,3.8,1.9,0.4
04057,"Capsicum (sweet peper), red, baked (without salt)",92.1,1.8,0.2,3.6,1.9,0.4
04058,"Capsicum (sweet peper), yellow, boiled, drained (without salt)",92.4,1.6,0.2,2.6,2.5,0.7
04059,"Capsicum (sweet peper), yellow, grilled (without salt and fat)",92.9,1.5,0.2,2.4,2.4,0.7
04060,"Capsicum (sweet peper), yellow, baked (without salt)",93.1,1.4,0.2,2.4,2.3,0.6
04061,"Carrot, peeled, boiled, drained (without salt)",90,0.8,0.3,4.8,3.4,0.7
04062,"Carrot, peeled, stewed (without salt)",90.2,0.8,0.2,4.7,3.4,0.7
04063,"Cauliflower, tops and stems, boiled, drained (without salt)",93.2,2,0.2,0.9,2.8,0.9
04064,"Celery, stalk, boiled, drained (without salt)",89.9,0.7,0.1,5.8,1.6,1.9
04065,"Courgette, green, unpeeled, boiled, drained (without salt)",94.2,1,0.3,2.8,1.2,0.4
04066,"Cowpea, leaves, picked, boiled, drained (without salt)",89.2,3.2,0.4,0.6,4.7,1.8
04067,"Cowpea, leaves, picked, steamed (without salt)",90.2,2.9,0.4,0.6,4.3,1.7
04068,"Eggplant / Brinjal, different varieties, whole edible, boiled, drained (without salt)",90.1,1.3,0.3,3,4.3,1
04069,"Eggplant / Brinjal, different varieties, whole edible, stewed (without salt)",88.5,1.5,0.4,3.4,5,1.2
04070,"Jute mallow, picked leaves, boiled, drained (without salt)",81.4,4.9,0.2,2.2,8.7,2.6
04071,"Jute mallow, picked leaves, stewed (without salt)",78.2,5.7,0.2,2.6,10.2,3.1
04072,"Kale, Ethiopian (kanzera), leaves, boiled, drained (without salt)",90.8,3.1,0.6,0.2,3.8,1.5
04073,"Kale, Ethiopian (kanzera), leaves, steamed (without salt)",91.6,2.8,0.5,0.2,3.5,1.4
04074,"Kale (sukuma wiki), boiled, drained (without salt)",89.7,2.9,0.3,1.2,4.4,1.5
04075,"Kale (sukuma wiki), steamed (without salt)",90.6,2.6,0.3,1.1,4.1,1.4
04076,"Leeks, bulb and stem, boiled, drained (without salt)",81.4,2,0.5,11.4,3.7,1
04077,"Mushroom, fresh, boiled, drained (without salt)",85.9,3.2,0.5,6.1,3.1,1.2
04078,"Mushroom, fresh, stewed (without salt)",87.3,2.8,0.5,5.5,2.8,1.1
04079,"Mushroom, dried, boiled, drained (without salt)",49.6,7,1.6,18.5,22.4,0.8
04080,"Okra, fresh, boiled, drained (without salt)",90.5,1.8,0.2,4.1,3.4,0.6
04081,"Okra, fresh, stewed (without salt)",88.7,2.2,0.2,6.1,4,1.8
04082,"Pumpkin, flesh, yellow w/o seeds, boiled, drained (without salt)",89.5,1.3,0.2,5.6,2.6,0.8
04083,"Pumpkin, flesh, yellow w/o seeds, boiled, drained (without salt)",91.4,1.1,0.2,4.6,2.1,0.7
04084,"Pumpkin, leaves, boiled, drained (without salt)",87.9,4,0.7,2.1,2.1,3.1
04085,"Pumpkin, leaves, steamed (without salt)",89,3.7,0.6,1.9,2,2.8
04086,"Spider plant, leaves, boiled, drained (without salt)",85.7,4.6,0.7,2,4.1,2.9
04087,"Spider plant, leaves, steamed (without salt)",86.9,4.2,0.7,1.9,3.8,2.6
04088,"Spinach, leaves, boiled, drained (without salt)",89.3,2.9,0.4,1.2,4.3,1.9
04089,"Spinach, leaves, stewed (without salt)",87.4,3.5,0.4,1.4,5.1,2.2
04090,"Spinach, Swiss chard, leaves, boiled, drained (without salt)",89.8,3.3,0.2,0.8,3.8,2.1
04091,"Spinach, Swiss chard, leaves, stewed (without salt)",88,3.9,0.3,0.9,4.5,2.5
04092,"Squash, butternut, peeled, flesh, boiled, drained (without salt)",85.7,1.6,0.1,8.8,2.8,0.9
04093,"Squash, butternut, peeled, flesh, steamed (without salt)",85.7,1.6,0.1,8.8,2.8,0.9
04094,"Squash, butternut, peeled, flesh, baked (without salt)",85.1,1.7,0.1,9.2,2.9,1
04095,"Stinging nettle, leaves, boiled, drained (without salt)",81.1,5.1,0.7,6.4,2,4.7
04096,"Stinging nettle, leaves, steamed (without salt)",82.8,4.7,0.6,5.8,1.8,4.3
04097,"Tomato, green, boiled, drained (without salt)",91.3,1.4,0.3,4.2,2.1,0.8
04098,"Tomato, red, ripe, boiled, drained (without salt)",91.8,1.3,0.3,4.2,1.8,0.7
04099,"Vine (African) spinach, picked leaves, boiled, drained (without salt)",89.9,3.6,0.7,0.2,3.9,1.7
05001,"Apple, green skin, unpeeled, raw",85,0.3,0,12.2,2.4,0.2
05002,"Apple, red, unpeeled, raw",84.6,0.3,0.1,12.4,2.3,0.25
05003,"Avocado, ripe, raw",74,1.6,19.6,0,4,1.9
05004,"Banana, cavendish, raw",74.4,1.08,0.3,20.6,2.75,0.9
05005,"Baobab fruit, powderly part, dry, raw",13.1,2.3,0.4,72.2,6.8,5.2
05006,"Custard apple, peeled, raw",75,1.7,0.7,17,5.1,0.8
05007,"Date, dried",17.2,2.4,0.2,68.7,9.7,1.9
05008,"Date, raw",60.2,1.6,0.1,35.3,1.8,1
05009,"Doumpalm fruit, raw",17.6,2.8,0.7,58.3,14.8,5.9
05010,"Grapes, green, raw",80.7,0.6,0.1,16,2,0.6
05011,"Guava, pink-fleshed, raw",80.7,1.1,1.1,0.9,15.5,0.8
05012,"Jackfruit, fruit, yellow-fleshed, peeled, raw",73.2,1.4,0.2,20.5,2.8,1.9
05013,"Lemon, juice, home squeezed",87,0.6,0.2,9.5,2.5,0.25
05014,"Lemon peel, raw",81.6,1.5,0.3,5.4,10.6,0.6
05015,"Lemon, pulp, raw",89.5,0.82,0.2,6.7,2.5,0.3
05016,"Lime, juice",90.3,0.7,0.2,4.3,4.1,0.4
05017,"Lime, pulp, raw",87.1,0.7,0.2,7.4,4.1,0.6
05018,"Loquat, peeled, raw",84.6,0.62,0.2,9.5,4.51,0.7
05019,"Mango, ripe, raw",83,0.6,0.3,14,1.6,0.5
05020,"Mango, unripe, raw",86.7,0.8,0.1,8.9,3,0.6
05021,"Mulberry, raw",89.5,1.6,0.2,5.6,2.2,0.9
05022,"Orange, Juice",94.6,0.4,0.1,3.6,1.1,0.4
05023,"Orange, pulp, raw",87.6,0.9,0.2,7.5,3.1,0.7
05024,"Papaya, yellow skin, peeled, raw",89.8,0.6,0.3,6.8,2.1,0.5
05025,"Passion fruit, dark purple skin, raw",75.7,2.4,0.9,8.7,11.7,0.8
05026,"Passion Fruit, juice",75.5,0.8,0.1,22.9,0.2,0.5
05027,"Peach, yellow-fleshed, unpeeled, raw",86.7,1,0.1,9.9,1.9,0.4
05028,"Pear, unpeeled, raw",86,0.4,0.2,9.1,4,0.3
05029,"Pineapple, canned in syrup, whole contents",77,0.3,0.6,21.2,0.7,0.2
05030,"Pineapple, raw",88.6,0.48,0.2,8.1,2.3,0.3
05031,"Plum, purple skin, raw",86.9,0.7,0.1,9.9,2,0.4
05032,"Pomegranate, raw",78.1,1.6,0.2,13.3,6.4,0.4
05033,"Raspberry, raw",83.2,1.4,0.2,8.9,5.6,0.7
05034,"Strawberry, raw",90,0.7,0.2,6.3,2.5,0.4
05035,"Tangerine, juice, non-commercial",88.3,0.6,0.2,10.3,0.2,0.4
05036,"Tangerine, pulp, raw",86.2,0.87,0.2,10.8,1.5,0.4
05037,"Tree tomato, dark red skin, peeled, raw",85.6,2.1,0.3,4.6,6.5,0.9
05038,"Watermelon, fruit, green with white stripes, raw",92.9,0.6,0.3,5,0.93,0.3
05039,"Zambarau, peeled, raw",85.3,0.52,0.4,13.5,0,0.4
06001,"Butter (cow milk), no added salt (~80-84% fat)",17.2,1.1,81.3,0,0,0.7
06002,"Butter (cow milk), salted (~80% fat)",15.3,1.1,81.3,0.6,0,1.7
06003,"Cheese, cheddar, regular fat",37,26,32.8,0.4,0,3.8
06004,"Cheese, cottage (cow milk), plain, skimmed",79,13.3,2.5,3.8,0,1.5
06005,"Cheese, cottage (cow milk), plain, whole",75.4,15.4,5.7,2.1,0,1.4
06006,"Cheese, cottage, Milk, Cow, Sour",73.6,13.7,4.3,7.2,0,1.2
06007,"Cream, pure, 35% fat",72,2.4,23.6,1.7,0,0.3
06008,Ghee (cow milk),0,0.3,99.9,0,0,0.5
06009,"Ice cream, caramel flavour, regular fat",61.4,3.7,10.6,23.6,0,0.7
06010,"Ice cream, chocolate flavour, regular fat",56.4,4.4,12,24.2,2,1
06011,"Ice cream, strawberry flavour, regular fat",60.7,3.5,9.5,25.2,0.5,0.7
06012,"Ice cream, vanilla flavour, regular fat",62.7,3.9,10.6,22.2,0,0.7
06013,"Ice cream, vanilla flavour, with nuts, regular fat",59.6,4,12.2,23.3,0.2,0.7
06014,"Milk, camel, whole, fresh, raw",89.8,2.2,2.8,4.5,0,0.7
06015,"Milk, cow, condensed, skimmed, sweetened, raw",27,9.9,0.2,60.7,0,2.2
06016,"Milk, cow, condensed, whole, sweetened, raw",25.8,8.3,9.2,54.8,0,1.9
06017,"Milk, cow, powder, skimmed",4.1,37.2,0.9,51,0,6.8
06018,"Milk, cow, powder, whole",3.2,26.1,26.4,38.4,0,6
06019,"Milk, cow, skimmed, raw",89.8,3.5,0.1,5.8,0,0.8
06020,"Milk, cow, whole, fermented (Lala - Industrial)",88.3,2.8,4.1,4.1,0,0.7
06021,"Milk, cow, whole, fermented (Lala - mursik)",89.1,3.1,3.5,3.6,0,0.8
06022,"Milk, cow, whole, fresh, raw",86.3,3.3,3.5,6.1,0,0.7
06023,"Milk, goat, fluid, whole, raw",85.3,3.5,4.5,5.8,0,0.9
06024,"Milk, human/breast, mature, fluid",87.2,1.2,4.4,7.1,0,0.2
06025,"Milk, sheep, fluid, whole, raw",82.8,5.1,5.8,5.2,0,1.1
06026,"Yoghurt, cow milk, whole, plain",82,2.9,3.1,11.3,0,0.7
06027,"Milk, camel, whole, fresh, boiled",88,2.6,3.3,5.3,0,0.8
06028,"Milk, cow, skimmed, boiled",88,4.1,0.1,6.8,0,0.9
06029,"Milk, cow, whole, fresh, boiled",83.8,3.9,4.2,7.2,0,0.9
06030,"Milk, goat, fluid, whole, boiled",82.7,4.1,5.3,6.8,0,1.1
06031,"Milk, sheep, fluid, whole, boiled",79.8,6,6.8,6.2,0,1.2
07001,"Beef, high fat, w/o bones, raw",58.2,18.6,24.1,0,0,0.9
07002,"Beef, lean, raw",75.6,20.6,2.3,0.4,0,1.2
07003,"Beef, liver, raw",73.9,20,4.2,0.7,0,1.3
07004,"Beef, medium fat, w/o bones, raw",70.3,19.7,7.2,1.8,0,1
07005,"Camel blood, raw",78.4,15.8,0.9,2.7,0,2.2
07006,Camel Meat,60.5,18.6,8.9,10.8,0,1.4
07007,"Cow’s blood, raw",75,13.8,0.9,8,0,2.4
07008,"Duck, meat and skin, fresh, raw",62.2,17.8,21.2,0,0,1.1
07009,"Chicken, unespecified part, w/o bone, meat&skin, raw",63.6,18.7,13,3.8,0,0.9
07010,"Egg, chicken, white (albumen), raw",87.2,11.2,0,0.9,0,0.7
07011,"Egg, chicken, whole, raw",75.9,12.7,8.1,2.4,0,0.9
07012,"Egg, chicken, yolk, raw",51,16.1,28.2,3.2,0,1.5
07013,"Goat blood, raw",86.4,3.8,3.9,4.9,0,1.1
07014,"Goat, lean, raw",74.6,19.5,4.3,0.6,0,1
07015,"Goat liver, raw",74.8,20.2,3.9,0,0,1.3
07016,"Goat, medium fat, raw",68.2,18.6,8.6,3.5,0,1
07017,"Guinea fowl, meat, with skin",75.2,20.5,3.2,0.1,0,0.9
07018,"Lamb liver, raw",67.6,20.4,7.5,3.1,0,1.5
07019,"Lamb, raw (unspecified part)",60,17,22.7,0,0,1
07020,"Pork, meat, raw (unspecified part)",57.2,18.9,23.5,0,0,0.7
07021,"Rabbit meat, raw",67,24.4,4.8,2.5,0,1.3
07022,"Sausage, beef, raw",57.5,12,16.3,9.7,2.2,2.3
07023,"Sausage, frankfurters",60,10,25,1.6,1.5,1.9
07024,"Sausage, liver, raw",52,13,28.5,3.4,0,3.1
07025,"Sausage, pork, raw",51,11.5,32,1.7,1.3,2.5
07026,"Quail, flesh & skin, raw",69.7,19.1,11.5,0,0,1
07027,"Egg, chicken, whole, boiled (without salt)",75.9,12.7,8.1,2,0,0.9
07028,"Egg, chicken, whole, poached (without salt)",72.6,14.4,9.2,3,0,1
07029,"Egg, chicken, yolk, boiled (without salt)",51,16.1,28.2,3,0,1.5
07030,"Egg, chicken, white (albumin), boiled (without salt)",87.2,11.2,0,1,0,0.7
07031,"Beef, high fat, w/o bones, boiled (without salt)",39.7,31.1,30.8,0,0,1.4
07032,"Beef, high fat, w/o bones, grilled (without salt and fat)",47.4,25.9,28,0,0,1.2
07033,"Beef, high fat, w/o bones, stewed (without salt)",34.7,29.1,37.6,0,0,1.4
07034,"Beef, lean, boiled (without salt)",50.3,41.9,4.6,0,0,2.4
07035,"Beef, lean, grilled (without salt and fat)",66.2,28.5,3.1,0,0,1.6
07036,"Beef, lean, stewed (without salt)",54,38.8,4.3,0,0,2.2
07037,"Beef, liver, boiled (without salt)",60.4,30.2,6.4,0,0,2
07038,"Beef, medium fat, without bones, boiled (without salt)",55.2,32.8,7.4,0,0,1.7
07039,"Beef, medium fat, without bones, grilled (without salt and fat)",61.5,27.3,7.3,0,0,1.4
07040,"Beef, medium fat, without bones, stewed (without salt)",53.6,30.7,11.3,0,0,1.6
07041,"Chicken, unspecified part, w/o bone, meat&skin, boiled (without salt)",55.7,23.7,14.6,0,0,1.2
07042,"Chicken, unspecified part, w/o bone, meat&skin, grilled (without salt and fat)",55.2,24,14.7,0,0,1.2
07043,"Goat, lean, boiled (without salt)",62,29.1,6.4,0,0,1.6
07044,"Goat, lean, grilled (without salt and fat)",63.1,28.3,6.2,0,0,1.5
07045,"Goat, liver, boiled (without salt)",61.9,30.5,6,0,0,2
07046,"Goat, medium fat, boiled (without salt)",56,27.8,9.4,0,0,1.5
07047,"Goat, medium fat, grilled (without salt and fat)",57.1,26.9,9.3,0,0,1.5
07048,"Lamb, liver, boiled (without salt)",54.5,30.8,7.8,0,0,2.3
07049,"Lamb, unspecified part, boiled (without salt)",47.2,25.4,26.9,0,0,1.5
07050,"Lamb, unspecified part, grilled (without salt and fat)",48.3,24.6,26.6,0,0,1.4
07051,"Pork, meat, unspecified part, boiled (without salt)",41.8,29.1,28.6,0,0,1.1
07052,"Pork, meat, unspecified part, grilled (without salt and fat)",44.9,27,27.6,0,0,1
07053,"Rabbit meat, stewed (without salt)",51.4,35.8,7.1,0,0,2
07054,"Rabbit meat, roasted (without salt and fat)",62.4,27.7,5.5,0,0,1.5
07055,"Sausage, beef, grilled (without salt and fat)",48.1,16.1,17,0,3,3
07056,"Sausage, frankfurters, boiled (without salt)",59.2,10.3,25.3,0,2,2
07057,"Sausage, liver, grilled (without salt and fat)",40.7,17.3,33.3,0,0,4.1
07058,"Sausage, pork, boiled (without salt)",48,12.5,33.6,0,1,2.7
07059,"Sausage, pork, grilled (without salt and fat)",37.4,16,39,0,2,3.5
08001,"Cod, fillet, raw",81.6,17,0.6,0,0,1.2
08002,"Dagaa fish (omena), dried, raw",11.2,59.5,10.6,0,0,10
08003,"Eel, raw",69.6,17.7,11.7,0,0,1.41
08004,"Herring stock, raw",70.8,18.9,4.3,0,0,2.6
08005,"Lungfish, fillet, raw",80.5,15.9,1,0,0,1.1
08006,"Mudfish (kamongo), fillet, raw",78.3,17.8,3.5,0,0,1.2
08007,"Mackerel, raw",76.8,18.7,5.9,0,0,1.3
08008,"Nile perch, dry, raw",12.2,71.8,10.7,1.2,0,4.2
08009,"Nile perch, fillet w/o bones, raw",77.37,19,0.9,0,0,1.2
08010,"Nile tilapia, fillet, w/o skin and bones, raw",77.6,19.7,1.5,0,0,1.1
08011,"Prawns, flesh, raw",75.1,18.4,1.1,3.9,0,1.6
08012,"Sardine, flesh, raw",71.2,19.5,7.4,0,0,2.1
08013,"Shark, raw",74.4,21.6,0.8,0,0,1.1
08014,"Tuna, raw",68.9,25,2,0,0,1.5
08015,"Cod, fillet, steamed (without salt)",77.5,20.7,0.7,0,0,1.5
08016,"Cod, fillet, grilled (without salt and fat)",75.5,22.7,0.8,0,0,1.6
08017,"Cod, fillet, boiled in recipe (without salt and fat)",77.5,20.7,0.7,0,0,1.5
08018,"Dagaa fish (omena), dried, stewed (without salt)",59.6,27,4.8,0,0,4.5
08019,"Eel, steamed (without salt)",64.8,21.3,12.6,0,0,1.7
08020,"Eel, grilled (without salt and fat)",62.6,23,13.1,0,0,1.8
08021,"Eel, boiled in recipe (without salt and fat)",63.4,21.3,14,0,0,1.7
08022,"Herring stock, steamed (without salt)",64.9,22.7,5.2,0,0,3.1
08023,"Herring stock, grilled (without salt)",62.1,24.5,5.6,0,0,3.4
08024,"Herring stock, boiled in recipe (without salt and fat)",64.9,22.7,5.2,0,0,3.1
08025,"Lungfish, fillet, steamed (without salt)",76.5,19.1,1.2,0,0,1.3
08026,"Lungfish, fillet, grilled (without salt and fat)",74.7,20.6,1.3,0,0,1.4
08027,"Lungfish, fillet, boiled in recipe (without salt and fat)",76.5,19.1,1.2,0,0,1.3
08028,"Mudfish (kamongo), fillet, steamed (without salt)",73.8,21.5,4.2,0,0,1.4
08029,"Mudfish (kamongo), fillet, grilled (without salt and fat)",71.8,23.2,4.5,0,0,1.5
08030,"Mudfish (kamongo), fillet, boiled in recipe (without salt and fat)",73.8,21.5,4.2,0,0,1.4
08031,"Prawns, fresh, steamed (without salt)",69.9,22.2,1.3,5,0,1.9
08032,"Prawns, fresh, grilled (without salt and fat)",71,21.4,1.3,4,0,1.9
08033,"Prawns, fresh, boiled in recipe (without salt and fat)",69.9,22.2,1.3,5,0,1.9
08034,"Sardine, fresh, steamed (without salt)",67.4,23,7.4,0,0,2.5
08035,"Sardine, fresh, grilled (without salt and fat)",63.2,26.8,7.5,0,0,2.9
08036,"Sardine, fresh, boiled in recipe (without salt and fat)",66.2,23,8.7,0,0,2.5
08037,"Shark, steamed (without salt)",69.2,26,1,0,0,1.4
08038,"Shark, grilled (without salt and fat)",66.8,28.1,1.1,0,0,1.5
08039,"Shark, boiled in recipe (without salt and fat)",69.2,26,1,0,0,1.4
08040,"Tuna, steamed (without salt)",61.1,31.2,2.5,0,0,1.8
08041,"Tuna, grilled (without salt and fat)",57.9,33.8,2.7,0,0,2
08042,"Tuna, boiled in recipe (without salt and fat)",61.1,31.2,2.5,0,0,1.8
09001,Animal fat/ lard,1,0,99,0,0,0.3
09002,Corn oil,0,0,99.9,0.1,0,0
09003,Fish liver oil,0,0,100,0,0,0
09004,"Margarine,20% fat",78.8,0,19.5,0.4,0,1.3
09005,"Margarine,60% fat",37.7,0.3,59.8,0.5,0,1.7
09006,"Margarine,80% fat",15,0.1,83,0,0,1.9
09007,Mustard seed oil,0,0,100,0,0,0
09008,Olive oil,0,0,100,0,0,0
09009,Peanut oil,0,0,100,0,0,0
09010,Red palm oil,1,0,99,0,0,0.1
09011,"Shortening, commercial, vegetable fat",0,0.1,100,0,0,0
09012,Soya bean oil,0,0,100,0,0,0
09013,Sun flower oil,0,0,100,0,0,0
10001,"Bambara groundnuts, dried, raw",9.5,18.1,6,34.6,28.2,3.6
10002,"Coconut, fresh, mature fruit, flesh",37.1,4.4,39,8.5,10.1,1
10003,"Coconut, fresh, young or immature, flesh",68,2,10.8,17.3,1,0.9
10004,"Coconut meat, dried (desiccated)",4.3,6.7,63.7,7.6,16.1,1.6
10005,"Jack fruit, seed, mature, dry, raw",51.8,4.8,0.6,24.4,16.8,1.5
10006,"Mustard Seeds, Dry, Raw",8.2,18.8,39.7,15.5,13.7,4.2
10007,"Nut, almond, with or without skin, raw, unsalted",4.6,20.2,52.8,8.6,11,2.9
10008,"Nut, ground nut, with skin, unsalted, dry, raw",5.9,20.1,48.4,15,8.3,2.3
10010,"Nut, macadamia, raw, unsalted",7.7,6.8,70.9,2,11.2,1.4
10011,"Nut, pistachio, raw, unsalted",4.2,21,48,13.8,10.1,3
10012,Peanut Butter,5.9,20.1,48.4,15,8.3,2.3
10013,"Seed, pumpkin, hulled & dried, unsalted",8,24.3,47.6,9.6,5.8,4.7
10014,"Seed, sesame (sim sim) unsalted, dry, raw",4.9,15.3,54.1,6.4,14.3,5
10015,"Seed, sunflower, unsalted, dry, raw",5.9,18.5,49.9,14.7,10.6,2.5
10016,"Water Melon, Seed Kernel, Dry, Raw",5,30,47.5,7.6,6,3.7
11001,"Honey, Raw",19.2,0.4,0,80.1,0,0.3
11002,"Sugarcane, Juice, Raw",90.2,0.1,0.2,8.5,0.6,0.4
11003,"Sugar, white, granulated or lump",0,0,0,100,0,0
12001,"Beef, broth",98.1,0.9,0.3,0,0,0.7
12002,"Coconut, fresh, water",93.9,0.8,0.1,4.8,0,0.4
12003,"Coffee, instant, dry powder or granules",3.1,16.1,1,50.4,20,9.9
12004,"Drinking chocolate, powder",1,4.4,30.9,60.4,2,1.4
12005,"Tea, chai, instant dry powder",5.1,20.2,0,50.2,8.5,16
12006,"Water, tap",99.95,0,0,0,0,0.05
12007,"Wine, Red",88.4,0.2,0,1.8,0,0.3
12008,"Wine, White, Dry",88.7,0.1,0,0.7,0,0.2
12009,"Wine, White, Sweet",84,0.2,0,5.4,0,0.2
13001,Anise seed,9.5,14.9,15.9,38.1,14.6,7
13002,"Baking powder, dry powder",4.9,0.1,0.2,43.9,0.8,50.2
13003,"Baking soda (bicarbonate), dry powder",0.3,0,0,0,0,36.9
13004,"Bay leaf, dried",5.4,7.6,8.4,48.7,26.3,3.6
13005,"Cardamom, seeds, ground",8.3,8.5,6.7,42.4,28,5.5
13006,"Chilli, fresh, raw",85.7,1.2,0.4,6.9,4.8,1.2
13007,"Chilli, dried",12.6,13.9,9.9,25.5,31.2,7
13008,"Cinnamon, dried, ground",13.1,2.8,2.6,26.3,52.3,2.9
13009,"Cloves, dry, raw",27.6,6,10.4,16,34.5,5.4
13010,"Coconut, Milk",82.4,1,14.3,1.8,0.3,0.3
13011,"Coriander Leaves, fresh, raw",81.9,3.3,0.7,7.7,3.5,2.9
13012,"Coriander seed, dried, ground",10.7,13.4,18.8,10.1,41.7,5.3
13013,"Cumin seeds, dried, raw",8.7,13.7,25.8,26.1,20.4,5.3
13014,"Curry leaves, fresh, raw",66.9,7.7,1.3,2.5,16.8,4.9
13015,Curry powder,10,10.8,13.8,30.6,27.2,7.6
13016,"Fenugreek leaves, fresh, raw",87.3,4.4,0.2,2.2,4.9,1
13017,"Fenugreek seeds, raw",9.8,21.4,6.4,23.4,36.1,3
13018,Garam masala,10.1,15.6,15.1,31,22.6,5.6
13019,"Garlic, peeled or unpeeled, fresh, raw",62,6.3,2.8,22.7,5.2,1
13020,"Ginger, dried, ground",9.9,6.9,4.5,59.4,12.9,6.3
13021,"Green Ginger (Mature), fresh, raw",73.6,2.6,1.1,13.4,7.7,1.7
13022,"Mint Leaves, fresh, raw",84.9,4.8,1.1,0.1,7.2,1.9
13023,"Onion, mature, red skinned, peeled, fresh, raw",87.9,1.5,0.1,7.6,2.3,0.6
13024,"Onion, spring, raw",90.8,1.8,0.3,4.1,2.3,0.7
13025,"Parsley, fresh, raw",81.4,5.9,0.2,4.2,5.1,3.2
13026,"Pepper, ground, black, dry, raw",11.8,10.3,2.7,44.7,26.3,4.3
13027,"Salt, Iodized",0.2,0,0,0,0,99.8
13028,"Spice, mixed or all spice",8.5,9.4,16.3,26.3,35.8,3.8
13029,"Tamarind, fruit, dry, raw",21.3,5,0.6,65.4,5.3,2.4
13030,"Tamarind, fruit, fresh, raw",20.8,2,0.2,69.5,5.3,2.2
13031,"Tomato, sauce (Ketchup)",67.5,1.6,0.2,26.1,1.5,3.4
13032,"Tomato, paste, with added salt",76.2,3.2,0.3,13.6,4.1,3
13033,"Tomato, soup, condensed, canned",84,1,0.3,10.8,1.9,2.3
13034,"Turmeric, dried, ground",13.7,6.3,3.1,51.7,20,5.2
13035,"Yeast, dry powder",7.9,35.7,4.9,30.5,19.3,6.6
14001,"Grasshopper, Brown, Fresh, Raw",71.9,12.8,12.8,0.3,1.41,0.7
14002,"Grasshopper, Green, Fresh, Raw",66.3,14.5,16.3,0.7,1.3,0.9
14003,"Termite, Dry, Raw",7,35,43.6,3.4,5.5,5.4
14004,"Termite, Fresh, Raw",36.8,30.9,27,0,2.7,3.8
15001,Uji wa mahindi (Maize Porridge),87.5,1.5,1.1,8.5,1.1,0.3
15002,"Sorghum, Finger Millet and Maize Porridge",89.8,1.3,0.9,6.3,1.3,0.4
15003,Kaimati (Fried Dumplings),18.8,4.6,21.8,52.8,1.6,0.4
15004,Mahamri (Swahili Doughnuts),22.8,6,22.1,46.6,2.1,0.4
15005,Whole Maize Flour Ugali,64.5,3.3,1.8,26,3.8,0.5
15006,Maize and Finger Millet Flour Ugali,64,3.1,1.3,24,6.6,1
15007,"Maize, Red Sorghum and Finger Millet Ugali",66.2,3.1,1.4,23.3,5.3,0.8
15008,Cassava and Red Sorghum Ugali,69.6,2.1,0.8,23.4,3.4,0.7
15009,Refined Maize Flour Ugali,62.8,3.4,1.9,27.3,4,0.6
15010,"Sorghum, Maize flour & Finger Millet Ugali",61,1.9,0.7,32.1,3.6,0.7
15011,Cassava Flour Ugali,51.6,1.1,0.3,43.7,2.2,1.3
15012,"Cassava, Millet & Sorghum Porridge",87.9,0.5,0.1,10.2,1,0.3
15013,Cassava Porridge (Uji wa Muhogo),92.6,0.1,0,6.8,0.3,0.2
15014,Finger Millet Porridge (Uji wa Wimbi),88.8,0.7,0.2,7.8,2.1,0.4
15015,Bulrush Millet Porridge (Uji wa Mawele),79.2,2,1,15.7,1.6,0.6
15016,Rice Flour Porridge (Uji wa Mchele),87.5,0.6,1.3,10.2,0.2,0.1
15017,Omena Stew (Silver Sardine Stew),68.5,8.8,13.3,6,0.7,2.7
15018,“Busara” (Whole Maize and Finger Millet Porridge),88.6,1,0.3,7.3,2.5,0.4
15019,White Chapati,18.4,7.8,21.1,49.6,2.5,0.7
15020,Brown Chapati,20.5,7.3,22.9,40.9,7.2,1.2
15022,Fried Egg (Mayai ya Kukaangwa),64.2,13.1,17.9,2.5,0,2.4
15023,Omelette,77.6,6.6,7.8,5.3,1.5,1.2
15024,Spanish Omelette,74,7.5,12.9,3.2,0.8,1.6
15025,Meat Samosa (Sambusa ya Nyama),13.9,18.8,22.2,40.5,3.1,1.6
15026,Vegetable Samosa (Sambusa ya Mboga),30.2,8.5,13.1,40.2,6.2,1.7
15027,Pancakes (Chapati za Maji),41.5,8.3,8.5,39.2,1.7,0.8
15028,Tosti Mayai (Egg Toast),40.3,12.5,10.7,32.4,1.9,2.1
15029,Drop Scones,23.5,7.1,29.8,37.4,1.4,0.9
15030,“Terere” (Stir fried amaranth leaves),80.6,3,5.3,2.9,5.5,2.7
15031,Sukumawiki (Stir fried kales),87,2.5,3.2,2.1,3.8,1.5
15032,Stir-fried Cabbage,82.7,1.2,8.6,3.1,2.4,1.9
15033,Mrenda and Seveve (Jute Mallow and Pumpkin leaves),85.3,3.4,2.3,5.4,2,1.6
15034,Pumpkin Leaves,80.8,3.2,6.7,5.5,1.5,2.3
15035,"Saget, Terere & Managu (Spider plant, Amaranth & African Nightshade leaves)",83,4.3,1.9,4.5,3.8,2.5
15036,Pilau (Spiced Rice),56.3,6.9,9.4,24.8,1.1,1.5
15037,Mseto wa Ndengu (Rice with green grams),74.5,3.7,1.3,18.4,1.5,0.6
15038,Mseto wa Maharagwe (Add Rice with Beans),58.2,5,7.9,23.5,3.8,1.7
15039,Nderema (Vine Spinach),84.7,3.2,5.2,1.4,3.5,1.9
15040,"Fiqe (Red Sorghum, Beans and Teff Flour)",52.5,7.2,5.8,24.2,7.4,2.9
15041,"Qanchibelo (Beef, Maize & Wheat Flour)",68.6,9.6,3.1,15.7,1.7,1.3
15042,Qita (Maize and Wheat flour pancake),44.3,5.1,5.6,41.2,2.8,0.9
15043,"Gurdo, Marqa (Ugali in Sour Milk)",46.9,6.6,9.6,29.7,5.1,2
15044,Mchuzi wa ndengu (Green Gram Stew),74.4,6.3,4.2,9.3,4,1.7
15045,Mchuzi wa Maharagwe (Bean Stew),83.1,3.5,1.4,7.2,3.7,1.1
15046,Mchuzi wa Ndengu Kamande (Lentil Stew),72.8,7.1,3,11.1,4.5,1.6
15047,Nyirinyiri (Camel meat),8.5,34.6,33.6,20,0,3.3
15049,Ashir,68.2,2.7,0.9,25.8,1.2,1.2
15051,"Ugali (Cassava, Fingermillet and Sorghum Flour Ugali)",61.3,2,0.6,30.7,4.3,1.1
15052,Yam Stew,76.7,1.5,2.4,15.3,2.5,1.6
15053,Githeri (stewed Maize & Beans),60.4,6.7,4.2,19.7,7.2,1.8
15054,"Mukimo (Maize, Beans, Potatoes & Pumpkin Leaves)",67.1,5,0.7,20.5,4.8,1.9
15055,Githeri (Sauteed Fresh Maize and beans),55.3,6.9,7.2,17.8,10.5,2.2
15056,Matoke (Stewed Green Bananas & Meat),72.9,6,4.1,13.3,1.8,1.9
15057,"Mukimo (Fresh Maize, Potatoes & Pumpkin Leaves)",68.8,3,1,18.5,6.8,1.9
15058,Stewed Potatoes & Arrowroots,78,1.9,2.1,15,1.8,1.2
15059,"Mukimo wa Njahi (Black Beans, Green Bananas & Potatoes)",53.7,9.5,0.6,26.5,7.2,2.4
15060,Githeri (Fresh beans and Maize),57,7.8,7.6,15.1,10.4,2.2
15061,Mashed Potato and Bananas,62.1,2.3,8.5,22.1,2.6,2.4
15062,Mukimo wa Njahi (Raw & Ripe Bananas),57.7,6.4,0.6,26.6,6.5,2.2
15063,Groundnut Sauce,50.2,10.6,23.4,9.6,3.5,2.7
15064,Vimumunya vya Chumvi (Pumpkin & Coconut Milk),85.8,1.3,4.9,4.6,1.9,1.5
15065,Vinolo (Banana and Maize Flour Ugali),68.4,2.2,0.9,25.5,2.5,0.6
15066,Biryani rice,65.3,2.7,3.2,27.9,0.3,0.6
15067,Vimumunya vya Sukari (Sweetened Pumpkin & Coconut Milk),79,1.1,3,14.5,1.8,0.6
15068,Wukunu (Sweet potatoes & Dehulled Black Beans),73,4.1,0.6,15.8,4.6,1.9
15069,Mushenye (Green Maize and Sweet Potatoes),60.4,7.1,4.1,17.6,8.6,2.1
15070,Ingokho (Stewed Chicken),59.7,18.3,12.3,6.4,1.1,2.3
15072,Tsiswa (Stewed termites),10.5,31.6,38.8,7.3,5.1,6.8
15073,Ingokho (Fried Chicken),6.8,44.6,35.3,9.1,0,4.3
15074,Wali wa Kuchemshwa (Boiled Rice),67.1,2.7,2,27.2,0.2,0.7
15075,Wali wa Yasmin (Onion Fried Rice),58.9,3.2,5.1,31.2,0.6,1
15076,Stir-fried Spinach,84.4,2.8,5.4,2,3.3,2.1
15077,Thabai / Thaa (Stinging Nettle Leaves),92.3,1.2,2.4,1.9,0.6,1.8
15078,Rhikhuvi (Stewed Cowpea Leaves),74.1,3.2,13.3,3.5,3.2,2.8
15079,Kunde and Mrenda (Stewed Cowpeas and Jute Mallow leaves),83.5,3.7,2,4.4,3.3,3.1
15080,Obwoba (Stewed Mushrooms in Peanut Butter),73.3,4.9,6.3,8.3,3.8,3.4
15081,Chai ya Maziwa (Mixed Tea),92.1,1.1,1.2,5.4,0,0.3
15082,Stewed Dried Fish,42.7,25.7,23.2,3.9,1.4,3
15083,Kimanga cha Ndizi (Smoked Green Bananas and Kidney Beans),57.7,6.5,0.9,24.1,7.7,3.1
15084,Kimanga Cha Mihogo (Mashed Cassava and Pigeon Peas),46.8,4.8,0.6,39.6,5.8,2.4
15085,Ndoto (Sauteed Red Kidney Beans & Red Sorghum),56.4,5.7,7.9,21.3,7,1.9
15086,Muthokoi (Dehulled Maize and Beans),62.7,5,5.9,19.8,4.6,2
15087,Beef Stew,65.7,17.7,10.4,3.8,0.8,1.7
15090,Kimanga cha Viazi Vitamu (Mashed Sweet Potato & Black Beans),68,5.4,0.5,18.9,5.2,2.1
15091,Kitojo (Sweet Potato Leaves),74.6,3.9,12.7,1.4,4.6,2.9
15092,Mchuzi wa Mbaazi (Pigeon Peas Stew),70.9,5.7,4.4,11,6.1,1.9
15093,Nchenga/ Nzenga (Crushed Maize),69.5,2.2,3.9,20.3,1.8,2.2
15094,Mseto wa Viazi (Potatoes in Rice),73.7,2.2,1.9,21.1,0.5,0.6
15095,Likhanga (Stewed Guinea Fowl),69.7,15.8,9,2,0.7,2.7
15096,Fried tilapia,23.5,45.7,28.1,0.3,0,2.5
15097,Stewed Green Bananas,81.8,1,3.8,10.4,2.2,0.8
15098,Stir Fried Beef,50.3,26.7,14.1,5,1,3.1
15099,Stir Fried Goat Meat,30.2,32.1,23.3,10.4,1.7,2.3
15100,Finger Millet Ugali,65.1,2.9,0.7,21,8.9,1.4
15101,Omena wa Kukaangwa (Fried Omena),32.8,19.2,39.3,4.6,0.8,3.4
15102,Aluru (Stewed Quails),65.9,11.3,14.2,5.2,0.6,2.9
15103,Mashed Potatoes,71,2.5,0.2,22.8,1.7,1.8
15104,Mashed Bananas,76.9,1.2,0.3,16.9,3,1.7
15105,Enriched Mashed Potatoes,70.4,2,6.2,18.6,1.4,1.4
15106,Enriched Mashed Bananas,72.9,1,7.8,14.3,2.6,1.5
15107,Stewed Nile Perch,74,14.3,6.3,2.5,0.5,2.4
15108,Stewed Goat Meat,59.4,17.1,14.6,5.2,0.8,2.9
15109,Pan Fried Sweet Potatoes,51.7,3.1,13.9,25.3,4.9,1.2
15110,Potato Chips,32.1,4.8,13.6,44.4,3.3,1.9
15111,Kimito (Mashed Beans & Potatoes),64.1,5.7,0.8,21.6,5.4,2.3
15112,Arrowroot Stew,77.8,1.9,2.3,14.9,1.8,1.4
15113,Sweet Potatoes with Peanut Butter,81.1,2.2,4.4,9.3,2.2,0.9
15114,Black Bean Stew (Dolichos/ Njahi Stew),83.6,3.6,1.3,7.7,2.8,1.1
15115,Bean Stew with Milk and Cream,65.2,7.2,4.5,14.3,6.7,2.2
15116,Mcheleng (Rice with Milk),61.5,3.9,5.7,27.2,0.2,1.4
15117,Pan Fried Arrowroots,56.9,4.1,5.2,28.3,2.5,3.1
15118,Nyenyi (Mashed Pigeon Peas & Green Maize),66.4,4.9,2.3,17.8,6.5,2
15119,Finger Millet and Sorghum Porridge,82.3,2.7,2.2,9.7,2.3,0.8
15120,Mashed Pumpkin and Black Nightshade Leaves,80.8,3.8,2.4,4.9,5.1,3
15121,Enriched Matoke,73.7,2.4,3.5,15.8,3.2,1.4
15122,Oatmeal,78.3,2.4,1.7,12.9,3.5,1.2
15123,Oat Porridge (Uji wa Shayiri),79.3,1.9,1.6,15.3,1.4,0.5
15124,Enriched Mandazi (East African Doughnuts; Enriched),23.5,7.6,16.1,49.9,2.2,0.8
15125,Basic Mandazi (East African Doughnuts; Basic),28.2,6.4,12.9,48.7,2.1,1.7
15126,Stewed Split Dal,81.8,3.7,1.9,8.1,2.7,1.9
15127,Potato Curry,69,2.2,7,17.3,2.2,2.3
15128,Peas and Brinjal Curry,72.5,4.2,8.5,6.6,5.8,2.4
15129,Steamed Rice (Wali wa Mvuke),68.6,2.6,0.3,26.7,0.2,1.5
15130,Rotli (Indian Chapati),21.6,8,16.7,43.8,7.9,2
15131,Potato Bhajia,15.1,8.6,31,37.1,4.8,3.5
15132,Chaas (Diluted Yoghurt),86.6,2,2.2,8,0,1.1
15133,Siro (Semolina & Nuts),28.4,4.3,26.1,39.4,1.1,0.8
15134,Minced Meat Balls,65.9,8.1,5.4,18.6,0.8,1.3
15136,Wheat Flour Porridge (Uji wa Ngano),76.3,2.5,3.9,16.1,0.9,0.3
15137,Okra Meat Dish,80.1,8.2,5.1,3.2,1.3,2.1
15138,Hydrabadi Biryani,59.3,8.2,8.3,21.4,0.9,1.9
15139,Chick Peas Curry,69.2,6,5.1,10.3,7.3,2.1
15140,Bhature (Fried Indian Bread),36.1,5.9,18.5,35.9,1.7,1.9
15141,Pumpkins with Peanut Butter,82.7,2.6,5.5,5.4,2.6,1.3
15142,Firinda (Skinned bean Stew),74.9,5.2,2.3,10.2,5.3,2.1